005669
000209
005927
400015
005928
009644
009645
003834
007689
007690
000689
000828
001951
005939
006736
005940
009147
001704
002190
001298
004925
162411
007844
002943
501057
501058
002083
002084
540008
167001
003567
001245
002258
161028
009067
161724
009068
004745
002296
162719
004243
398051
168204
008279
210008
167002
008280
161032
005037
005038
090018
590003
001156
006250
610006
610004
008640
001643
008641
001569
001532
001644
165520
398021
162202
001606
240022
161217
001487
210003
160225
001300
005977
003853
005885
001301
700003
005978
004390
000336
166301
004391
000496
001753
160221
002071
310368
005352
165516
690008
000433
050024
005353
550009
001811
004812
160634
004784
005765
000729
004813
004671
164304
001790
000409
040015
257060
006051
163114
006052
006154
110025
003624
004432
006281
005412
005413
004433
003625
001858
164905
540003
000696
000126
006049
007163
007192
006265
161715
160620
001064
007164
168601
002984
005119
000739
519918
001515
168203
001933
009651
001158
519126
006233
502023
009652
005296
006234
001822
673060
005634
005297
009258
000592
007872
001279
006299
002844
007193
001856
400032
000061
519196
005968
003984
580006
008189
160216
008190
003985
001166
005969
004205
530001
001476
002681
160421
168401
000308
202027
001959
519113
004475
002168
005855
007306
002601
519115
163208
002682
007307
000603
519120
005207
519702
000756
005571
005856
005572
001054
519095
009368
001120
000547
006392
009369
001825
001229
004400
004401
002106
001121
002272
005299
005983
519908
519195
006266
005300
006269
001716
008177
001070
006424
320006
005094
006128
007555
000242
288001
001997
003857
002537
003858
006425
000390
001718
009511
008962
005668
002256
582003
002669
005825
519181
008963
001702
009835
007484
165513
006257
001323
002345
006132
002910
003751
160805
001339
002170
001294
005708
519183
671030
006323
001809
006081
519005
002281
006133
003980
481010
001410
009025
004636
003981
006324
001675
000924
001457
006080
009913
000584
001676
009024
008763
040005
008764
920003
004223
007579
009954
001751
009968
001366
005535
920923
001322
001752
519909
005136
008638
001616
001267
003886
004895
720001
003887
009969
005009
519170
375010
519089
200015
167503
002959
004890
001980
005730
004854
001411
008085
080005
002132
002919
160416
004139
004855
310358
002051
008328
005161
005402
001496
001719
008084
010235
009140
003670
001471
550015
007202
000541
001479
160638
519110
519091
008980
000462
003501
550016
460001
377240
377530
260111
008981
001276
166019
001978
001887
630008
005331
290008
161611
002564
630002
009062
501032
002938
481015
001877
008180
006560
162201